Project4_3
Jacobi Method
 iteration       X(1)       X(2)       X(3)       X(4)       X(5)                Error
     guess          0          0          0          0          0
         1        1.5         -2        1.2        1.5        1.5              3.49142
         2      1.325       -1.6        1.6      1.675      2.425              1.11215
         3    0.89375      -1.35       1.81    1.83125    2.28125             0.581081
       ...        ...        ...        ...        ...        ...                  ...
        27   0.786632   -1.00257    1.86632     1.9126    1.98972          3.25363e-08
        28   0.786632   -1.00257    1.86632     1.9126    1.98972          1.25503e-08
        29   0.786632   -1.00257    1.86632     1.9126    1.98972          5.91595e-09
 
Guass-Seidel Method
 iteration       X(1)       X(2)       X(3)       X(4)       X(5)                Error
     guess          0          0          0          0          0
         1        1.5       -2.5        1.1      1.525    2.64375              4.36177
         2    1.18906   -1.52135     1.8624    1.88253    2.25564              1.38352
         3   0.850828    -1.0353    1.89436    1.92747    2.00937             0.643693
       ...        ...        ...        ...        ...        ...                  ...
        13   0.786632   -1.00257    1.86632     1.9126    1.98972          3.62494e-08
        14   0.786632   -1.00257    1.86632     1.9126    1.98972          1.25934e-08
        15   0.786632   -1.00257    1.86632     1.9126    1.98972          3.19738e-09
diary off
